1.000000000000000000e+00
9.729043841361999512e-01
8.538506627082824707e-01
7.965514659881591797e-01
7.172560095787048340e-01
6.846213936805725098e-01
6.612765789031982422e-01
6.294334530830383301e-01
5.699030756950378418e-01
5.483012795448303223e-01
5.356745123863220215e-01
5.226952433586120605e-01
4.816971719264984131e-01
4.563524127006530762e-01
4.238314032554626465e-01
3.996787071228027344e-01
3.831716477870941162e-01
3.598154783248901367e-01
3.245802819728851318e-01
2.973409295082092285e-01
2.637060582637786865e-01
2.467884421348571777e-01
2.216329127550125122e-01
1.957639306783676147e-01
1.884966194629669189e-01
1.519709229469299316e-01
1.358563303947448730e-01
1.192592605948448181e-01
1.039045751094818115e-01
9.493116289377212524e-02
8.107157796621322632e-02
6.720241159200668335e-02
6.268531829118728638e-02
5.920301005244255066e-02
5.364986136555671692e-02
5.223030596971511841e-02
4.486176371574401855e-02
4.280161857604980469e-02
4.168164730072021484e-02
3.763723745942115784e-02
3.428152203559875488e-02
3.273458033800125122e-02
3.238172084093093872e-02
3.105583973228931427e-02
2.930944040417671204e-02
2.803835086524486542e-02
2.702874504029750824e-02
2.627392113208770752e-02
2.417159080505371094e-02
2.328395470976829529e-02
2.285678870975971222e-02
2.209478989243507385e-02
2.150180749595165253e-02
2.035845816135406494e-02
1.980301737785339355e-02
1.948711834847927094e-02
1.919411495327949524e-02
1.882687024772167206e-02
1.867919228971004486e-02
1.853618398308753967e-02
1.828765682876110077e-02
1.779431849718093872e-02
1.759245619177818298e-02
1.728383451700210571e-02
1.716224104166030884e-02
1.701870374381542206e-02
1.698255538940429688e-02
1.675464957952499390e-02
1.649909093976020813e-02
1.624961942434310913e-02
1.617406681180000305e-02
1.610896363854408264e-02
1.590157486498355865e-02
1.585512422025203705e-02
1.566445827484130859e-02
1.539965905249118805e-02
1.530146133154630661e-02
1.520419865846633911e-02
1.511041820049285889e-02
1.496953796595335007e-02
1.481513492763042450e-02
1.469766162335872650e-02
1.458123326301574707e-02
1.446209475398063660e-02
1.436548121273517609e-02
1.415996812283992767e-02
1.398600544780492783e-02
1.377839967608451843e-02
1.372741535305976868e-02
1.360034570097923279e-02
1.350136566907167435e-02
1.336492132395505905e-02
1.335686817765235901e-02
1.316950656473636627e-02
1.293316762894392014e-02
1.267663016915321350e-02
1.264608092606067657e-02
1.255255006253719330e-02
1.242403313517570496e-02
1.232046820223331451e-02
1.226253621280193329e-02
1.212706230580806732e-02
1.200985349714756012e-02
1.196917518973350525e-02
1.185170840471982956e-02
1.171041280031204224e-02
1.158812828361988068e-02
1.146307028830051422e-02
1.133107487112283707e-02
1.127473730593919754e-02
1.118884701281785965e-02
1.095769181847572327e-02
1.085727103054523468e-02
1.083987019956111908e-02
1.063972990959882736e-02
1.055966876447200775e-02
1.029610261321067810e-02
1.027966942638158798e-02
1.008269563317298889e-02
9.893591515719890594e-03
9.694118052721023560e-03
9.527644142508506775e-03
9.477024897933006287e-03
9.416831657290458679e-03
9.141697548329830170e-03
8.888987824320793152e-03
8.440216071903705597e-03
8.119085803627967834e-03
