1.000000000000000000e+00
9.902470707893371582e-01
9.470403790473937988e-01
8.986861109733581543e-01
8.518745899200439453e-01
8.205238580703735352e-01
7.863952517509460449e-01
7.423297166824340820e-01
7.279317378997802734e-01
7.135795354843139648e-01
6.857606768608093262e-01
6.703647375106811523e-01
6.549993157386779785e-01
6.334902048110961914e-01
6.197653412818908691e-01
5.813181996345520020e-01
5.623304843902587891e-01
5.350864529609680176e-01
5.174692273139953613e-01
5.002936720848083496e-01
4.912841320037841797e-01
4.739359915256500244e-01
4.684585928916931152e-01
4.480444490909576416e-01
4.293963611125946045e-01
3.962166607379913330e-01
3.578235805034637451e-01
3.568983078002929688e-01
3.184005916118621826e-01
3.061188459396362305e-01
2.945497334003448486e-01
2.904100120067596436e-01
2.720134854316711426e-01
2.594279944896697998e-01
2.382410764694213867e-01
2.286418676376342773e-01
2.206052988767623901e-01
1.938379704952239990e-01
1.849902868270874023e-01
1.791427731513977051e-01
1.650046855211257935e-01
1.613505184650421143e-01
1.483827531337738037e-01
1.385993063449859619e-01
1.292658150196075439e-01
1.236579045653343201e-01
1.196870356798171997e-01
1.148815974593162537e-01
1.071961298584938049e-01
1.045961529016494751e-01
9.923923760652542114e-02
9.530580788850784302e-02
9.048295766115188599e-02
8.958552032709121704e-02
8.770149946212768555e-02
8.621823042631149292e-02
7.618215680122375488e-02
7.489941269159317017e-02
7.081881910562515259e-02
6.863343715667724609e-02
6.750538200139999390e-02
6.479984521865844727e-02
6.181922927498817444e-02
5.985199287533760071e-02
5.755645781755447388e-02
5.720702186226844788e-02
5.641620978713035583e-02
5.549552664160728455e-02
5.389883741736412048e-02
5.219274014234542847e-02
5.124289169907569885e-02
5.066664889454841614e-02
4.918481037020683289e-02
4.888876527547836304e-02
4.737729206681251526e-02
4.623717814683914185e-02
4.603150114417076111e-02
4.562319070100784302e-02
4.446311667561531067e-02
4.345940425992012024e-02
4.295102879405021667e-02
4.210069775581359863e-02
4.166137054562568665e-02
4.143982380628585815e-02
4.094582796096801758e-02
4.070997983217239380e-02
3.998002037405967712e-02
3.946217894554138184e-02
3.881400823593139648e-02
3.869385644793510437e-02
3.835763409733772278e-02
3.804903849959373474e-02
3.755524754524230957e-02
3.722736984491348267e-02
3.673622757196426392e-02
3.630264848470687866e-02
3.599483147263526917e-02
3.537546098232269287e-02
3.525271639227867126e-02
3.505455330014228821e-02
3.443678468465805054e-02
3.429475799202919006e-02
3.369086608290672302e-02
3.360381349921226501e-02
3.311411663889884949e-02
3.308106586337089539e-02
3.255465626716613770e-02
3.239112719893455505e-02
3.189441561698913574e-02
3.168499097228050232e-02
3.128578141331672668e-02
3.082071244716644287e-02
3.069755993783473969e-02
3.053594566881656647e-02
3.010882809758186340e-02
2.977428399026393890e-02
2.958172559738159180e-02
2.929824963212013245e-02
2.862238511443138123e-02
2.832193113863468170e-02
2.810826338827610016e-02
2.778658643364906311e-02
2.762147970497608185e-02
2.724371477961540222e-02
2.687941119074821472e-02
2.656283974647521973e-02
2.546185441315174103e-02
2.453921176493167877e-02
